review_case_id,image_filename
R001,R001.png
R002,R002.png
R003,R003.png
R004,R004.png
R005,R005.png
R006,R006.png
R007,R007.png
R008,R008.png
R009,R009.png
R010,R010.png
R011,R011.png
R012,R012.png
R013,R013.png
R014,R014.png
R015,R015.png
R016,R016.png
R017,R017.png
R018,R018.png
R019,R019.png
R020,R020.png
R021,R021.png
R022,R022.png
R023,R023.png
R024,R024.png
R025,R025.png
R026,R026.png
R027,R027.png
R028,R028.png
R029,R029.png
R030,R030.png
R031,R031.png
R032,R032.png
R033,R033.png
R034,R034.png
R035,R035.png
R036,R036.png
R037,R037.png
R038,R038.png
R039,R039.png
R040,R040.png
R041,R041.png
R042,R042.png
R043,R043.png
R044,R044.png
R045,R045.png
R046,R046.png
R047,R047.png
R048,R048.png
R049,R049.png
R050,R050.png
R051,R051.png
R052,R052.png
R053,R053.png
R054,R054.png
R055,R055.png
R056,R056.png
R057,R057.png
R058,R058.png
R059,R059.png
R060,R060.png
R061,R061.png
R062,R062.png
R063,R063.png
R064,R064.png
R065,R065.png
R066,R066.png
R067,R067.png
R068,R068.png
R069,R069.png
R070,R070.png
R071,R071.png
R072,R072.png
R073,R073.png
R074,R074.png
R075,R075.png
R076,R076.png
R077,R077.png
R078,R078.png
R079,R079.png
R080,R080.png
R081,R081.png
R082,R082.png
R083,R083.png
R084,R084.png
R085,R085.png
R086,R086.png
R087,R087.png
R088,R088.png
R089,R089.png
R090,R090.png
R091,R091.png
R092,R092.png
R093,R093.png
R094,R094.png
R095,R095.png
R096,R096.png
R097,R097.png
R098,R098.png
R099,R099.png
R100,R100.png
R101,R101.png
R102,R102.png
R103,R103.png
R104,R104.png
R105,R105.png
R106,R106.png
R107,R107.png
R108,R108.png
R109,R109.png
R110,R110.png
R111,R111.png
R112,R112.png
R113,R113.png
R114,R114.png
R115,R115.png
R116,R116.png
R117,R117.png
R118,R118.png
R119,R119.png
R120,R120.png
R121,R121.png
R122,R122.png
R123,R123.png
R124,R124.png
R125,R125.png
R126,R126.png
R127,R127.png
R128,R128.png
R129,R129.png
R130,R130.png
R131,R131.png
R132,R132.png
R133,R133.png
R134,R134.png
R135,R135.png
R136,R136.png
R137,R137.png
R138,R138.png
R139,R139.png
R140,R140.png
R141,R141.png
R142,R142.png
R143,R143.png
R144,R144.png
R145,R145.png
R146,R146.png
R147,R147.png
R148,R148.png
R149,R149.png
R150,R150.png
R151,R151.png
R152,R152.png
R153,R153.png
R154,R154.png
R155,R155.png
R156,R156.png
R157,R157.png
R158,R158.png
R159,R159.png
R160,R160.png
R161,R161.png
R162,R162.png
R163,R163.png
R164,R164.png
R165,R165.png
R166,R166.png
R167,R167.png
R168,R168.png
R169,R169.png
R170,R170.png
R171,R171.png
R172,R172.png
R173,R173.png
R174,R174.png
R175,R175.png
R176,R176.png
R177,R177.png
R178,R178.png
R179,R179.png
R180,R180.png
R181,R181.png
R182,R182.png
R183,R183.png
R184,R184.png
R185,R185.png
R186,R186.png
R187,R187.png
R188,R188.png
R189,R189.png
R190,R190.png
R191,R191.png
R192,R192.png
R193,R193.png
R194,R194.png
R195,R195.png
R196,R196.png
R197,R197.png
R198,R198.png
R199,R199.png
R200,R200.png
R201,R201.png
R202,R202.png
R203,R203.png
R204,R204.png
R205,R205.png
R206,R206.png
R207,R207.png
R208,R208.png
R209,R209.png
R210,R210.png
R211,R211.png
R212,R212.png
R213,R213.png
R214,R214.png
R215,R215.png
R216,R216.png
R217,R217.png
R218,R218.png
R219,R219.png
R220,R220.png
R221,R221.png
R222,R222.png
R223,R223.png
R224,R224.png
R225,R225.png
R226,R226.png
R227,R227.png
R228,R228.png
R229,R229.png
R230,R230.png
R231,R231.png
R232,R232.png
R233,R233.png
R234,R234.png
R235,R235.png
R236,R236.png
R237,R237.png
R238,R238.png
R239,R239.png
R240,R240.png
R241,R241.png
R242,R242.png
R243,R243.png
R244,R244.png
R245,R245.png
R246,R246.png
R247,R247.png
R248,R248.png
R249,R249.png
R250,R250.png
R251,R251.png
R252,R252.png
R253,R253.png
R254,R254.png
R255,R255.png
R256,R256.png
R257,R257.png
R258,R258.png
R259,R259.png
R260,R260.png
R261,R261.png
R262,R262.png
R263,R263.png
R264,R264.png
R265,R265.png
